-32.6726  -144.152  -1116.56
-31.2203  -144.031  -1115.34
-9.60938  -145.122  -1111.39
-9.41081  -144.86  -1110.46
70.2125  -149.481  -1093.65
72.761  -149.568  -1093.07
74.0142  -149.429  -1092.82
74.5689  -149.461  -1092.72
96.1322  -150.582  -1088.46
96.5851  -150.602  -1088.07
98.3276  -150.788  -1088.7
127.502  -158.591  -1122.04
128.466  -158.393  -1120.87
129.717  -158.182  -1120.06
130.351  -158.228  -1119.83
130.947  -158.469  -1119.67
132.204  -158.449  -1119.25
133.048  -158.593  -1119.44
134.326  -158.393  -1118.92
-46.7999  -141.57  -1118.56
-46.072  -141.72  -1118.62
-45.2193  -141.762  -1118.93
-44.664  -141.942  -1118.78
-44.328  -141.857  -1118.23
-43.6919  -141.965  -1118.31
-43.0067  -142.021  -1118.3
-42.3832  -142.06  -1118.16
-42.1043  -141.97  -1117.35
-41.1583  -142.179  -1117.91
-40.4594  -142.212  -1117.89
-39.8865  -142.28  -1117.75
-39.5086  -142.22  -1117.27
-38.7746  -142.329  -1117.37
-37.9079  -142.523  -1117.83
-37.6235  -142.404  -1117.12
-37.1512  -142.437  -1116.81
-36.4674  -142.463  -1116.73
-35.6914  -142.58  -1116.93
-35.2234  -142.526  -1116.52
-34.5864  -142.591  -1116.37
-33.8261  -142.693  -1116.53
-33.3695  -142.611  -1116.12
-32.4355  -142.854  -1116.72
-32.0684  -142.777  -1116.12
-31.3667  -142.879  -1116.21
-31.2235  -142.593  -1114.94
-21.7991  -143.454  -1114.81
-10.6943  -143.857  -1111.54
-10.5131  -143.763  -1110.4
-9.72939  -143.845  -1110.5
-9.38715  -143.733  -1109.74
-8.66275  -143.829  -1109.82
-7.9736  -143.919  -1109.82
-7.52332  -143.865  -1109.39
-6.64574  -143.987  -1109.56
-6.68221  -143.84  -1107.8
69.8892  -147.942  -1094.19
70.3279  -147.902  -1093.73
71.0585  -147.995  -1093.71
71.7165  -148.028  -1093.57
72.1889  -147.983  -1093.13
72.8755  -148.034  -1093.1
73.2576  -148.004  -1092.64
74.2022  -148.139  -1093.07
74.7291  -148.14  -1092.82
94.738  -149.152  -1088.37
95.4621  -149.152  -1088.32
95.9718  -149.151  -1087.99
96.6628  -149.281  -1088.07
97.3648  -149.374  -1088.13
98.1878  -149.48  -1088.41
99.1574  -149.672  -1088.94
99.8012  -149.695  -1089.02
127.867  -157.432  -1122.53
128.131  -157.289  -1121.67
128.513  -157.149  -1120.9
129.501  -157.272  -1121.11
130.24  -157.286  -1121.03
130.952  -157.363  -1120.91
131.167  -157.28  -1120.16
131.813  -157.305  -1119.93
132.455  -157.315  -1119.93
133.623  -157.523  -1120.59
-48.7745  -140.305  -1118.41
-47.5592  -140.615  -1119.49
-46.8578  -140.852  -1119.57
-46.6691  -140.788  -1118.68
-46.0912  -140.845  -1118.51
-45.6501  -140.832  -1118.06
-44.8345  -140.899  -1118.35
-44.0538  -141.14  -1118.7
-43.5526  -141.102  -1118.29
-43.3027  -141.029  -1117.55
-42.3286  -141.337  -1118.11
-41.5887  -141.372  -1118.31
-40.7879  -141.514  -1118.44
-40.6613  -141.38  -1117.47
-40.0172  -141.357  -1117.39
-39.4633  -141.331  -1117.12
-38.7521  -141.463  -1117.28
-38.1083  -141.565  -1117.23
-37.6639  -141.564  -1116.86
-36.7747  -141.671  -1117.32
-36.5446  -141.594  -1116.43
-35.5389  -141.731  -1117.01
-34.9297  -141.817  -1116.86
-34.4511  -141.772  -1116.41
-33.7841  -141.782  -1116.41
-33.033  -141.963  -1116.6
-32.7604  -141.788  -1115.86
-32.1815  -141.874  -1115.73
-31.9205  -141.703  -1114.88
-31.1464  -141.808  -1114.89
-22.1694  -142.377  -1113.52
-10.9309  -143.004  -1110.6
-10.4462  -142.956  -1110.11
-9.77219  -142.998  -1109.96
-9.4609  -142.886  -1109.28
-8.72471  -142.923  -1109.35
-7.75049  -143.125  -1109.89
-7.41993  -143.057  -1109.28
-6.86319  -143.052  -1108.95
-6.33049  -143.073  -1108.35
69.7506  -147.005  -1093.9
70.4603  -147.064  -1093.79
71.0147  -147.072  -1093.52
71.8234  -147.18  -1093.57
72.2184  -147.126  -1093.06
72.8234  -147.109  -1092.89
73.3139  -147.119  -1092.62
74.0775  -147.199  -1092.74
74.675  -147.244  -1092.61
94.1305  -148.244  -1088.45
94.8415  -148.299  -1088.33
95.3419  -148.225  -1087.94
96.256  -148.422  -1088.34
96.7413  -148.433  -1088.09
97.5537  -148.572  -1088.34
98.1349  -148.636  -1088.23
99.0277  -148.757  -1088.57
99.8189  -148.86  -1088.86
127.552  -156.455  -1122.08
128.358  -156.542  -1122.06
129.213  -156.593  -1122.06
129.63  -156.55  -1121.44
130.13  -156.501  -1121
130.722  -156.471  -1120.73
131.862  -156.621  -1121.4
132.234  -156.593  -1120.87
-48.1499  -139.84  -1118.22
-46.8759  -140.048  -1119.35
-46.6828  -140.078  -1118.39
-45.7551  -140.24  -1118.94
-45.2947  -140.233  -1118.55
-44.8391  -140.275  -1118.26
-43.8899  -140.418  -1118.8
-43.392  -140.479  -1118.54
-43.1436  -140.396  -1117.78
-42.356  -140.482  -1117.85
-41.6022  -140.586  -1118.1
-41.0571  -140.665  -1117.75
-40.4135  -140.632  -1117.68
-39.7277  -140.748  -1117.7
-39.2717  -140.684  -1117.28
-38.5684  -140.82  -1117.43
-38.2141  -140.757  -1116.83
-37.6217  -140.81  -1116.8
-36.9011  -140.834  -1116.81
-36.3761  -140.839  -1116.47
-35.8956  -140.791  -1116.14
-35.2737  -140.855  -1115.92
-34.5779  -140.953  -1115.94
-34.1647  -140.85  -1115.41
-33.5432  -140.897  -1115.3
-33.0547  -140.873  -1115
-32.3466  -140.964  -1115.08
-31.774  -141.038  -1114.82
-31.5374  -140.883  -1113.5
-21.6812  -141.948  -1113.8
-11.1647  -142.145  -1110.01
-10.3961  -142.169  -1109.99
-9.90252  -142.149  -1109.58
-9.1819  -142.26  -1109.63
-8.59024  -142.274  -1109.42
-8.14609  -142.192  -1109.03
-7.61494  -142.214  -1108.74
-6.87389  -142.264  -1108.76
-6.62126  -142.197  -1107.89
70.5337  -146.59  -1095.02
70.2765  -146.305  -1093.45
70.9727  -146.333  -1093.37
71.6638  -146.369  -1093.22
72.3208  -146.381  -1093.09
72.8279  -146.415  -1092.8
73.3735  -146.419  -1092.57
74.235  -146.553  -1092.85
93.8122  -147.925  -1090.13
93.5226  -147.516  -1088.56
94.109  -147.534  -1088.34
95.0797  -147.658  -1088.54
95.4847  -147.638  -1088.09
95.6982  -147.59  -1087.5
96.9209  -147.803  -1088.31
97.4083  -147.851  -1088.03
98.2729  -147.901  -1088.3
98.8248  -147.92  -1088.18
99.5409  -147.965  -1088.32
128.246  -155.768  -1122
129.199  -155.902  -1122.12
129.461  -155.791  -1121.28
130.372  -155.879  -1121.52
131.414  -155.959  -1121.98
-47.6573  -139.301  -1118.97
-47.0136  -139.266  -1118.65
-46.3559  -139.456  -1118.85
-45.9724  -139.458  -1118.33
-45.2537  -139.606  -1118.4
-44.7438  -139.664  -1118.28
-44.0992  -139.695  -1118.23
-43.7674  -139.6  -1117.55
-43.3739  -139.586  -1117.02
-42.393  -139.813  -1117.57
-41.802  -139.847  -1117.37
-41.1837  -139.922  -1117.22
-40.6321  -139.952  -1116.99
-39.828  -140.023  -1117.16
-39.7549  -139.811  -1116.02
-38.8905  -140.07  -1116.5
-38.3594  -140.07  -1116.23
-37.9434  -140.009  -1115.75
-37.4646  -139.981  -1115.41
-36.2017  -140.378  -1116.47
-36.0015  -140.204  -1115.53
-35.0992  -140.358  -1115.86
-35.1233  -140.13  -1114.4
-34.0976  -140.349  -1115.1
-33.6048  -140.355  -1114.76
-32.8481  -140.457  -1114.91
-32.3336  -140.458  -1114.65
-31.5622  -140.583  -1114.73
-11.0849  -141.542  -1109.99
-10.5127  -141.528  -1109.7
-9.83773  -141.508  -1109.57
-9.34062  -141.522  -1109.19
-8.64783  -141.587  -1109.18
-8.18549  -141.589  -1108.83
-7.32752  -141.666  -1109.14
-6.74201  -141.71  -1108.92
-6.50744  -141.562  -1107.95
71.1235  -146.113  -1095.89
70.4062  -145.673  -1093.52
71.047  -145.702  -1093.34
71.7367  -145.79  -1093.26
72.1958  -145.737  -1092.83
72.7722  -145.741  -1092.6
73.495  -145.806  -1092.65
92.9672  -146.82  -1088.6
93.7022  -146.926  -1088.7
94.1326  -146.89  -1088.23
94.6532  -146.899  -1087.86
95.4049  -147.018  -1087.94
95.8396  -146.972  -1087.6
96.5615  -147.088  -1087.67
97.496  -147.147  -1088.04
98.4523  -147.342  -1088.43
98.753  -147.282  -1087.96
99.462  -147.37  -1088.15
100.194  -147.306  -1088.3
128.591  -155.261  -1122.6
129.532  -155.367  -1122.73
129.739  -155.273  -1121.94
130.563  -155.194  -1121.96
-46.9748  -138.793  -1118.6
-46.5982  -138.853  -1117.98
-45.7834  -138.984  -1118.27
-45.3324  -138.963  -1117.81
-44.6403  -139.146  -1118.03
-44.1491  -139.106  -1117.62
-43.7403  -139.086  -1117.19
-43.1309  -139.175  -1117.08
-42.3498  -139.237  -1117.24
-41.9215  -139.308  -1116.8
-41.0565  -139.426  -1117.1
-40.6509  -139.412  -1116.55
-40.0333  -139.48  -1116.45
-39.2807  -139.601  -1116.6
-38.8167  -139.593  -1116.26
-38.3044  -139.591  -1115.97
-37.6836  -139.653  -1115.87
-37.1279  -139.643  -1115.6
-36.6632  -139.647  -1115.28
-36.0249  -139.702  -1115.15
-35.334  -139.746  -1115.05
-34.2747  -139.995  -1115.7
-34.1146  -139.833  -1114.74
-33.4127  -139.913  -1114.78
-32.8158  -139.946  -1114.66
-32.3342  -139.964  -1114.36
-31.9408  -139.801  -1113.65
-31.971  -139.516  -1111.66
-11.0111  -141.147  -1111.4
-11.1912  -140.837  -1109.64
-10.71  -140.782  -1109.16
-9.90877  -140.871  -1109.27
-9.51515  -140.819  -1108.77
-8.60416  -140.956  -1109.14
-8.06658  -140.986  -1108.91
-7.71529  -140.919  -1108.36
-6.98293  -141.018  -1108.43
-6.23399  -141.084  -1108.43
-5.71063  -141.113  -1107.5
70.3237  -145.029  -1093.3
70.7521  -144.99  -1092.82
71.7074  -145.105  -1093.09
72.1796  -145.133  -1092.69
72.8351  -145.168  -1092.6
73.8197  -145.301  -1093.04
92.2391  -146.448  -1089.55
92.4663  -146.23  -1088.8
92.6759  -146.132  -1088.11
93.3703  -146.201  -1088.12
93.939  -146.193  -1087.88
94.8487  -146.327  -1088.08
95.3306  -146.339  -1087.78
95.8081  -146.346  -1087.47
97.0664  -146.571  -1088.27
97.2558  -146.425  -1087.57
98.4362  -146.661  -1088.31
98.7619  -146.663  -1087.88
99.5824  -146.774  -1088.22
100.322  -146.799  -1088.39
128.695  -154.622  -1122.86
129.485  -154.599  -1122.84
-47.8606  -138.084  -1117.88
-47.6458  -137.987  -1116.93
-46.2067  -138.53  -1118.47
-46.2455  -138.249  -1116.99
-45.4617  -138.392  -1117.25
-44.9492  -138.415  -1116.99
-44.1685  -138.576  -1117.31
-43.7424  -138.529  -1116.9
-43.4252  -138.504  -1116.15
-42.2751  -138.768  -1117.07
-41.8871  -138.715  -1116.52
-41.1147  -138.856  -1116.67
-40.4615  -138.912  -1116.64
-40.153  -138.793  -1115.9
-39.4701  -138.976  -1116
-38.8217  -138.955  -1115.98
-38.065  -139.047  -1116.11
-37.8297  -138.976  -1115.35
-37.3339  -138.935  -1115
-36.7162  -139.005  -1114.9
-36.1251  -139.007  -1114.74
-35.3431  -139.066  -1114.84
-34.7385  -139.187  -1114.64
-34.0438  -139.246  -1114.66
-33.7016  -139.13  -1114.03
-32.966  -139.21  -1114.21
-32.3767  -139.237  -1114.05
-31.4502  -139.438  -1114.45
-22.7718  -139.824  -1113
-11.0575  -140.497  -1111.14
-11.242  -140.212  -1109.39
-10.5735  -140.218  -1109.29
-10.1606  -140.179  -1108.7
-9.29368  -140.29  -1109
-8.69667  -140.339  -1108.89
-8.18803  -140.329  -1108.61
-7.61041  -140.346  -1108.42
-7.01136  -140.361  -1108.23
-6.36154  -140.427  -1108.13
-5.99017  -140.307  -1107.1
71.4516  -144.995  -1096.25
70.5452  -144.467  -1093.57
70.7923  -144.354  -1092.76
71.5155  -144.433  -1092.74
72.4123  -144.555  -1092.96
72.8774  -144.54  -1092.55
91.5841  -145.774  -1089.59
91.8446  -145.573  -1088.8
92.3178  -145.52  -1088.45
92.7507  -145.533  -1088.1
93.2864  -145.519  -1087.87
94.0961  -145.612  -1087.98
94.6512  -145.601  -1087.75
95.112  -145.593  -1087.37
95.9115  -145.723  -1087.55
96.8857  -145.865  -1087.94
97.3977  -145.871  -1087.69
98.2519  -145.997  -1087.95
98.8113  -146.042  -1087.84
99.4657  -146.082  -1087.95
100.479  -146.285  -1088.56
-49.8464  -137.32  -1117.7
-48.4931  -137.695  -1119.14
-48.4601  -137.442  -1117.87
-48.0318  -137.353  -1117.38
-47.2953  -137.514  -1117.47
-46.6638  -137.599  -1117.42
-46.2317  -137.614  -1116.9
-45.5711  -137.727  -1116.93
-45.1018  -137.705  -1116.58
-44.3418  -137.84  -1116.8
-43.7682  -137.898  -1116.65
-43.2089  -137.916  -1116.47
-42.7114  -137.873  -1116.08
-42.0793  -137.911  -1116.02
-41.5781  -137.953  -1115.6
-40.6418  -138.139  -1116.12
-39.9505  -138.218  -1116.15
-39.6005  -138.156  -1115.57
-38.7815  -138.367  -1115.95
-38.3557  -138.217  -1115.46
-37.9918  -138.23  -1114.9
-37.3424  -138.292  -1114.9
-36.7984  -138.261  -1114.58
-36.0018  -138.367  -1114.85
-35.5734  -138.397  -1114.31
-34.6612  -138.491  -1114.67
-34.1032  -138.506  -1114.41
-33.4235  -138.572  -1114.39
-32.845  -138.549  -1114.28
-32.3833  -138.621  -1113.94
-31.6668  -138.662  -1113.89
-22.7213  -139.259  -1112.84
-11.2657  -139.761  -1110.59
-11.0549  -139.645  -1109.62
-10.5816  -139.669  -1109.2
-10.0663  -139.565  -1108.78
-9.39192  -139.61  -1108.69
-8.82425  -139.656  -1108.53
-8.13271  -139.731  -1108.58
-7.60837  -139.697  -1108.28
-6.97859  -139.729  -1108.21
-6.12696  -139.866  -1108.4
-5.544  -139.883  -1107.97
70.4808  -143.832  -1093.39
70.9617  -143.814  -1092.91
71.2466  -143.677  -1092.19
72.2804  -143.867  -1092.66
74.3279  -144.39  -1094.46
91.2125  -144.9  -1088.85
91.791  -144.925  -1088.64
92.3807  -144.944  -1088.47
92.759  -144.893  -1088.04
93.5484  -144.979  -1088.18
93.9893  -144.938  -1087.75
94.5595  -144.932  -1087.48
95.3376  -144.992  -1087.64
95.6587  -144.98  -1087.14
96.5449  -145.063  -1087.41
97.5351  -145.287  -1087.85
98.0644  -145.298  -1087.58
98.8065  -145.382  -1087.76
99.5339  -145.484  -1087.93
99.9861  -145.49  -1087.74
-50.6503  -136.341  -1117.32
-49.8947  -136.491  -1117.56
-49.3711  -136.543  -1117.29
-48.863  -136.569  -1116.89
-48.2823  -136.648  -1116.76
-47.2541  -136.858  -1117.47
-46.8419  -136.833  -1116.84
-46.0529  -136.963  -1117.14
-45.3615  -137.107  -1117.2
-44.6376  -137.227  -1117.38
-44.3987  -137.132  -1116.56
-43.855  -137.166  -1116.35
-43.3677  -137.172  -1116.09
-42.611  -137.288  -1116.17
-41.9517  -137.359  -1116.17
-41.3345  -137.428  -1116.03
-40.7789  -137.4  -1115.69
-40.3055  -137.408  -1115.34
-39.6518  -137.47  -1115.34
-38.9482  -137.562  -1115.46
-38.5051  -137.578  -1115.03
-37.6467  -137.707  -1115.42
-37.3569  -137.591  -1114.71
-36.5733  -137.732  -1114.94
-36.0147  -137.716  -1114.69
-35.4992  -137.703  -1114.29
-34.8335  -137.779  -1114.22
-34.1246  -137.855  -1114.2
-33.4855  -137.899  -1114.18
-33.0431  -137.91  -1113.84
-32.2113  -138.065  -1114.16
-31.7969  -137.906  -1113.36
-22.7106  -138.559  -1112.6
-11.5206  -139.052  -1110.01
-11.3248  -138.883  -1109.02
-10.4641  -139.011  -1109.26
-10.0002  -138.915  -1108.76
-9.35771  -138.973  -1108.69
-8.58556  -139.093  -1108.87
-7.99329  -139.067  -1108.74
-7.39339  -139.106  -1108.57
-6.83391  -139.075  -1108.37
-6.2555  -139.062  -1108.1
-5.50409  -139.107  -1108.02
70.5211  -143.206  -1093.33
70.7839  -143.08  -1092.55
71.5481  -143.159  -1092.58
72.4495  -143.267  -1092.8
90.7068  -144.252  -1089.15
91.2672  -144.286  -1088.88
91.6074  -144.223  -1088.28
92.3715  -144.3  -1088.38
92.7398  -144.265  -1087.94
93.1765  -144.234  -1087.57
93.8822  -144.269  -1087.5
94.7865  -144.428  -1087.72
94.9839  -144.251  -1087.01
95.9904  -144.431  -1087.52
96.7754  -144.525  -1087.68
97.4682  -144.591  -1087.68
98.006  -144.626  -1087.43
99.1419  -144.822  -1088.16
99.7086  -144.878  -1088.08
100.246  -144.851  -1087.95
-53.1103  -135.383  -1117.6
-52.2374  -135.528  -1118.03
-50.8821  -135.844  -1118.03
-50.5944  -135.712  -1117.3
-50.2192  -135.724  -1116.82
-48.8374  -136.091  -1118.22
-48.3588  -136.165  -1117.77
-48.1341  -136.021  -1116.9
-47.4364  -136.098  -1117.02
-46.6887  -136.212  -1117.03
-46.3355  -136.185  -1116.46
-45.6145  -136.34  -1116.59
-45.1363  -136.322  -1116.31
-44.6823  -136.368  -1115.9
-43.5779  -136.606  -1116.79
-43.3302  -136.501  -1115.99
-42.5791  -136.606  -1116.12
-42.3805  -136.47  -1115.21
-41.2713  -136.727  -1115.99
-40.7604  -136.801  -1115.65
-40.0904  -136.797  -1115.65
-39.6827  -136.788  -1115.13
-38.8484  -136.97  -1115.53
-38.4259  -136.912  -1115.07
-37.6242  -137.041  -1115.35
-37.4823  -136.878  -1114.31
-36.5056  -137.054  -1114.86
-36.1068  -137.034  -1114.36
-35.7554  -136.905  -1113.62
-34.956  -137.016  -1113.8
-34.0688  -137.219  -1114.21
-33.6733  -137.241  -1113.77
-33.1985  -137.212  -1113.45
-32.5143  -137.197  -1113.34
-32.0582  -137.131  -1112.62
-22.4767  -137.974  -1112.73
-11.5936  -138.304  -1109.84
-11.0523  -138.285  -1109.51
-10.4673  -138.282  -1109.23
-9.59698  -138.391  -1109.52
-9.33549  -138.249  -1108.74
-8.65653  -138.34  -1108.79
-7.96345  -138.413  -1108.85
-7.18123  -138.545  -1109.04
-6.67965  -138.542  -1108.76
-6.43048  -138.432  -1107.92
-5.5515  -138.573  -1108.09
70.8671  -142.671  -1093.8
70.931  -142.437  -1092.68
71.7872  -142.578  -1092.82
89.9156  -143.542  -1089.03
90.415  -143.523  -1088.64
90.9646  -143.546  -1088.39
91.5983  -143.541  -1088.27
92.1663  -143.565  -1088.04
93.0418  -143.677  -1088.33
93.7125  -143.745  -1088.31
94.037  -143.732  -1087.74
94.6669  -143.774  -1087.55
95.269  -143.798  -1087.36
95.9419  -143.832  -1087.31
96.5959  -143.869  -1087.39
97.5086  -144.043  -1087.71
98.1259  -144.037  -1087.58
98.8395  -144.113  -1087.67
99.7033  -144.252  -1088.06
100.273  -144.242  -1088
-52.6177  -134.736  -1117.04
-51.2202  -135.178  -1118.49
-50.9279  -135.013  -1117.86
-50.5772  -134.974  -1117.26
-50.1918  -135.004  -1116.7
-49.5113  -135.103  -1116.81
-48.9114  -135.247  -1116.6
-47.9338  -135.478  -1117.28
-47.6382  -135.293  -1116.4
-46.666  -135.489  -1116.88
-46.3314  -135.49  -1116.3
-45.5696  -135.64  -1116.51
-45.2178  -135.537  -1115.97
-44.3643  -135.735  -1116.42
-44.0678  -135.721  -1115.72
-43.3324  -135.726  -1115.84
-42.6904  -135.833  -1115.75
-42.1661  -135.862  -1115.5
-41.4763  -135.939  -1115.5
-40.7921  -136.029  -1115.43
-40.1758  -136.045  -1115.33
-39.6902  -136.093  -1115.01
-39.0383  -136.185  -1115.02
-38.3722  -136.196  -1115.01
-37.736  -136.283  -1115.01
-37.4673  -136.176  -1114.2
-36.7476  -136.296  -1114.28
-36.0445  -136.365  -1114.31
-35.3046  -136.463  -1114.39
-34.7575  -136.436  -1114.06
-34.0112  -136.56  -1114.21
-33.6901  -136.529  -1113.62
-33.1265  -136.501  -1113.37
-32.3781  -136.565  -1113.42
-32.4183  -136.168  -1111.5
-23.9509  -137.004  -1111.89
-11.3554  -137.767  -1110.37
-11.034  -137.687  -1109.64
-10.5657  -137.604  -1109.2
-9.8238  -137.721  -1109.22
-9.18656  -137.764  -1109.15
-8.62766  -137.792  -1108.93
-8.09522  -137.83  -1108.71
-7.39989  -137.841  -1108.79
-6.73327  -137.974  -1108.74
-6.26073  -137.937  -1108.26
-5.46297  -138.051  -1108.35
-5.42394  -137.818  -1106.57
70.6864  -141.887  -1093.43
70.9364  -141.759  -1092.62
89.2291  -142.857  -1089.11
89.8189  -142.843  -1088.88
90.4276  -142.806  -1088.65
90.9804  -142.811  -1088.38
91.6627  -142.863  -1088.32
92.1871  -142.839  -1088.09
93.0027  -142.989  -1088.27
93.6733  -143.036  -1088.28
94.3227  -143.054  -1088.18
94.8044  -143.084  -1087.84
95.4197  -143.186  -1087.66
95.9719  -143.165  -1087.34
96.8658  -143.291  -1087.72
97.4799  -143.291  -1087.62
98.2988  -143.387  -1087.8
98.889  -143.431  -1087.71
99.4028  -143.445  -1087.56
100.235  -143.562  -1087.88
100.511  -143.464  -1087.33
-53.7653  -133.914  -1117.43
-52.7939  -134.118  -1117.91
-52.3202  -134.105  -1117.59
-51.5259  -134.297  -1117.8
-50.9202  -134.289  -1117.74
-50.2355  -134.402  -1117.75
-49.3995  -134.614  -1118.13
-49.4132  -134.439  -1116.88
-48.8138  -134.459  -1116.62
-48.1933  -134.564  -1116.58
-47.4298  -134.669  -1116.68
-46.7786  -134.732  -1116.65
-46.2705  -134.797  -1116.3
-45.5177  -134.918  -1116.45
-44.9053  -135.017  -1116.51
-44.4596  -135.009  -1116.08
-43.8591  -135.052  -1116
-43.262  -135.08  -1115.87
-42.7604  -135.121  -1115.48
-42.2907  -135.073  -1115.09
-41.6035  -135.206  -1115.1
-40.7333  -135.305  -1115.39
-40.1286  -135.379  -1115.31
-39.9243  -135.248  -1114.44
-38.9116  -135.488  -1115.13
-38.562  -135.423  -1114.56
-37.9036  -135.489  -1114.58
-37.1694  -135.605  -1114.7
-36.5243  -135.677  -1114.55
-35.9663  -135.684  -1114.32
-35.5476  -135.654  -1113.79
-34.5637  -135.821  -1114.32
-34.233  -135.727  -1113.69
-33.4343  -135.849  -1113.97
-33.0067  -135.75  -1113.47
-32.4318  -135.78  -1113.16
-23.0882  -136.595  -1113.36
-11.3346  -137.091  -1110.43
-10.9763  -137.03  -1109.71
-10.545  -136.917  -1109.18
-9.70322  -137.072  -1109.38
-8.99603  -137.113  -1109.38
-8.61383  -137.052  -1108.88
-7.98954  -137.09  -1108.79
-7.29352  -137.175  -1108.87
-6.83395  -137.135  -1108.46
-6.20423  -137.162  -1108.31
-5.33856  -137.28  -1108.52
-4.8992  -137.242  -1107.6
71.208  -141.309  -1094.21
70.9934  -141.062  -1092.54
89.0987  -142.246  -1090.02
89.2812  -142.118  -1089.17
89.9706  -142.152  -1089.1
90.304  -142.054  -1088.46
91.1559  -142.147  -1088.64
91.6888  -142.167  -1088.34
92.5617  -142.31  -1088.61
93.0038  -142.269  -1088.31
93.5457  -142.288  -1088.14
94.0985  -142.256  -1087.86
94.8994  -142.39  -1088.02
95.5443  -142.403  -1087.91
96.271  -142.484  -1087.86
96.6937  -142.438  -1087.44
97.3843  -142.504  -1087.45
98.498  -142.675  -1088.04
99.0007  -142.687  -1087.87
99.5802  -142.726  -1087.82
100.195  -142.739  -1087.79
100.451  -142.635  -1087.17
-52.6178  -133.421  -1118.18
-51.8429  -133.721  -1118.48
-51.5112  -133.558  -1117.71
-51.0304  -133.622  -1117.37
-50.5115  -133.688  -1117.18
-50.0556  -133.708  -1116.76
-49.2417  -133.803  -1117.1
-48.977  -133.787  -1116.25
-48.3692  -133.753  -1116.12
-47.426  -133.995  -1116.62
-46.7552  -134.109  -1116.58
-46.295  -134.141  -1116.18
-45.5571  -134.2  -1116.3
-45.1072  -134.169  -1116.01
-44.4295  -134.27  -1116.03
-44.0084  -134.291  -1115.54
-43.1618  -134.423  -1115.97
-42.6445  -134.484  -1115.58
-42.1575  -134.453  -1115.28
-41.2392  -134.595  -1115.66
-40.7599  -134.589  -1115.27
-40.181  -134.625  -1115.14
-39.5428  -134.662  -1115.06
-38.913  -134.732  -1115.04
-38.3074  -134.762  -1114.94
-37.8385  -134.705  -1114.59
-37.1895  -134.782  -1114.6
-36.4726  -134.893  -1114.63
-35.8219  -134.971  -1114.56
-35.1578  -134.986  -1114.5
-34.7582  -134.992  -1113.95
-34.318  -134.957  -1113.57
-33.5217  -135.087  -1113.72
-32.7518  -135.146  -1113.95
-32.7441  -134.841  -1112.51
-23.2637  -135.901  -1112.99
-11.5027  -136.293  -1109.96
-11.0789  -136.229  -1109.43
-10.3737  -136.261  -1109.36
-9.89851  -136.22  -1108.92
-9.22269  -136.266  -1108.84
-8.69909  -136.251  -1108.56
-7.78146  -136.415  -1109.01
-7.46141  -136.332  -1108.4
-6.65985  -136.454  -1108.6
-5.88471  -136.525  -1108.69
-5.44277  -136.512  -1108.17
-5.03527  -136.445  -1107.37
71.4731  -140.694  -1094.56
88.194  -141.426  -1089.78
88.5892  -141.341  -1089.31
89.3454  -141.405  -1089.32
89.9965  -141.408  -1089.18
90.7766  -141.467  -1089.22
91.1592  -141.423  -1088.7
92.184  -141.602  -1089.16
92.5237  -141.555  -1088.68
93.0235  -141.521  -1088.41
93.773  -141.623  -1088.5
94.4693  -141.671  -1088.51
94.9209  -141.638  -1088.14
95.7205  -141.741  -1088.28
96.2708  -141.739  -1087.98
96.9207  -141.766  -1087.89
97.6576  -141.847  -1087.91
98.2145  -141.884  -1087.72
98.9882  -141.962  -1087.92
99.7514  -142.07  -1088.1
100.194  -141.987  -1087.86
101.052  -142.141  -1088.18
-53.1293  -132.63  -1117.18
-51.8918  -132.998  -1118.28
-51.5991  -132.875  -1117.48
-50.7895  -133.012  -1117.84
-50.6412  -132.942  -1116.91
-49.8546  -133.042  -1117.17
-49.3146  -133.035  -1116.92
-48.5748  -133.227  -1116.92
-48.2843  -133.14  -1116.3
-47.1676  -133.446  -1117.1
-46.8598  -133.302  -1116.34
-46.1032  -133.47  -1116.54
-45.4515  -133.537  -1116.6
-44.9527  -133.53  -1116.3
-44.432  -133.601  -1116.07
-43.711  -133.705  -1116.19
-43.099  -133.758  -1116.14
-42.5852  -133.76  -1115.78
-42.1012  -133.807  -1115.45
-41.221  -133.941  -1115.8
-40.7815  -133.888  -1115.28
-40.2738  -133.958  -1114.99
-39.6713  -134.003  -1114.93
-39.0593  -134.043  -1114.9
-38.3582  -134.146  -1114.97
-37.7329  -134.183  -1114.96
-37.1814  -134.234  -1114.75
-36.6546  -134.273  -1114.45
-36.0984  -134.308  -1114.27
-35.3204  -134.411  -1114.36
-34.6339  -134.481  -1114.34
-34.1508  -134.523  -1113.99
-33.4464  -134.557  -1114.01
-32.861  -134.565  -1113.79
-32.4269  -134.45  -1113.02
-23.3704  -135.101  -1112.59
-10.179  -136.435  -1113.83
-11.5251  -135.567  -1109.74
-10.9908  -135.559  -1109.45
-10.1805  -135.662  -1109.54
-9.85124  -135.541  -1108.84
-9.20515  -135.577  -1108.71
-8.49142  -135.643  -1108.77
-7.86157  -135.704  -1108.74
-7.45339  -135.628  -1108.24
-6.68023  -135.769  -1108.43
-6.06191  -135.786  -1108.29
-5.32045  -135.841  -1108.25
-4.78514  -135.833  -1107.76
87.7633  -140.762  -1090.24
88.2061  -140.667  -1089.83
88.7239  -140.632  -1089.54
89.1427  -140.588  -1089.07
89.9585  -140.691  -1089.21
90.6702  -140.754  -1089.16
91.3034  -140.792  -1089.01
92.0359  -140.858  -1089.02
92.5749  -140.871  -1088.85
93.3001  -140.965  -1088.93
93.9929  -141.006  -1088.95
94.6196  -141.043  -1088.83
95.2978  -141.128  -1088.8
95.8388  -141.09  -1088.59
96.5636  -141.149  -1088.51
97.28  -141.172  -1088.53
97.4652  -141.139  -1087.8
98.7486  -141.352  -1088.61
99.2146  -141.367  -1088.36
100.078  -141.452  -1088.7
100.455  -141.436  -1088.39
100.681  -141.358  -1087.8
-55.1052  -131.846  -1117.47
-54.1534  -132.08  -1118.06
-53.7434  -132.018  -1117.49
-53.0372  -132.087  -1117.4
-51.2895  -132.672  -1119.5
-51.7808  -132.307  -1117.26
-51.3118  -132.333  -1116.97
-50.8665  -132.33  -1116.62
-49.7633  -132.558  -1117.48
-49.4529  -132.537  -1116.79
-48.7066  -132.655  -1116.95
-48.0597  -132.797  -1116.93
-47.5916  -132.702  -1116.43
-46.6779  -132.91  -1116.84
-46.2166  -132.902  -1116.48
-45.7499  -132.959  -1116.15
-45.2922  -132.983  -1115.84
-44.6107  -133.032  -1115.84
-43.8249  -133.146  -1116.16
-43.3983  -133.202  -1115.7
-42.8105  -133.258  -1115.55
-41.9628  -133.404  -1115.87
-41.5247  -133.378  -1115.35
-40.8321  -133.455  -1115.37
-40.3738  -133.446  -1114.93
-39.6807  -133.518  -1115.03
-38.8856  -133.653  -1115.35
-38.4673  -133.681  -1114.86
-37.8286  -133.708  -1114.84
-37.4151  -133.687  -1114.41
-36.3288  -133.908  -1115.15
-35.8517  -133.864  -1114.74
-35.2842  -133.863  -1114.46
-34.664  -133.899  -1114.31
-34.1282  -133.857  -1114.02
-33.4315  -133.941  -1114.02
-32.8782  -133.931  -1113.68
-32.1349  -133.926  -1113.48
-23.4921  -134.407  -1112.13
-11.0666  -135.393  -1111.93
-11.6014  -134.906  -1109.49
-10.9496  -134.945  -1109.34
-10.3999  -134.931  -1109.01
-9.67802  -134.987  -1108.99
-9.10882  -134.977  -1108.75
-8.41275  -135.034  -1108.78
-7.94553  -135.004  -1108.45
-7.38389  -135.055  -1108.3
-6.82458  -135.053  -1108.05
-6.18991  -135.104  -1107.92
-5.23562  -135.268  -1108.3
-4.91513  -135.148  -1107.45
87.6715  -140.351  -1091.23
87.6658  -140.069  -1090.19
87.9354  -139.954  -1089.55
88.9168  -140.083  -1089.93
89.519  -140.11  -1089.79
90.2042  -140.155  -1089.72
90.7445  -140.127  -1089.39
91.6007  -140.214  -1089.54
92.1577  -140.257  -1089.41
92.6523  -140.258  -1089.11
93.3173  -140.313  -1089.16
94.2031  -140.452  -1089.42
94.6837  -140.447  -1089.09
95.3269  -140.47  -1089
96.1981  -140.578  -1089.23
96.5482  -140.502  -1088.68
97.0185  -140.54  -1088.36
97.9432  -140.702  -1088.7
98.7834  -140.777  -1088.84
99.4212  -140.738  -1088.83
100.194  -140.899  -1089.06
100.767  -140.909  -1088.98
101.238  -140.842  -1088.77
-54.042  -131.668  -1118.4
-53.2746  -131.735  -1118.54
-53.2254  -131.624  -1117.24
-52.3495  -131.784  -1117.66
-51.5581  -131.886  -1117.85
-50.9943  -131.982  -1117.77
-50.6663  -131.872  -1117.08
-50.0037  -132.011  -1117.11
-49.3337  -132.097  -1117.14
-48.6813  -132.215  -1117.12
-48.1216  -132.263  -1116.86
-47.3215  -132.38  -1117.1
-46.7732  -132.426  -1116.78
-46.432  -132.315  -1116.2
-45.5481  -132.533  -1116.61
-45.1352  -132.559  -1116.22
-44.5158  -132.575  -1116.12
-43.8426  -132.66  -1116.15
-43.2346  -132.693  -1116.08
-42.4249  -132.867  -1116.29
-41.8964  -132.803  -1116
-41.5804  -132.724  -1115.23
-40.7663  -132.849  -1115.5
-40.4145  -132.76  -1114.87
-39.618  -132.929  -1115.05
-38.8457  -133.049  -1115.38
-38.3004  -133.056  -1115.14
-37.8376  -133.076  -1114.81
-37.099  -133.164  -1114.91
-36.2807  -133.264  -1115.15
-36.169  -133.102  -1114.04
-35.2003  -133.204  -1114.49
-34.6323  -133.232  -1114.22
-33.8524  -133.343  -1114.43
-33.3272  -133.324  -1114.11
-32.7483  -133.3  -1113.79
-23.2728  -133.866  -1112.36
-11.3041  -134.641  -1111.33
-11.5643  -134.336  -1109.44
-11.0645  -134.25  -1108.97
-10.2607  -134.316  -1109.11
-9.82228  -134.337  -1108.65
-9.15357  -134.333  -1108.55
-8.5247  -134.361  -1108.46
-7.84042  -134.452  -1108.53
-7.40763  -134.412  -1108.11
-6.73904  -134.485  -1108.09
-6.21986  -134.473  -1107.73
-5.37742  -134.557  -1107.92
-4.8041  -134.543  -1107.54
87.1844  -139.457  -1090.61
87.7174  -139.467  -1090.37
88.1012  -139.362  -1089.91
89.1367  -139.538  -1090.35
